20.800006975501855 8.438500727838887 8.454520321837977 0
19.602197346396334 8.328056010950078 8.570021054599232 0.8720859641045348
18.40093289436768 8.358374787098201 8.536415150619083 -0.6458147139769748
17.202345501142453 24.135153716790832 8.38220545449816 -1.847032325505309
16.023956690369875 23.911510991155883 8.892205366666053 5.375902643324756
14.886573090162083 38.49452547881081 9.543576298812297 4.818139620935058
14.098512390641977 34.503026388313735 12.100438750557299 13.424904920162708
13.356615016240568 32.34126353827212 13.755678518685473 8.99767982572348
12.503286750147385 31.0247265374933 12.18091564126432 5.872456483755564
11.821647885432307 29.662262994540992 10.709511461251719 7.409523681130826
11.326903272703385 28.42251596866303 9.414627383711286 8.667252818715689
11.094491659694368 27.383119383242953 8.316528994875352 9.701139654785225
11.17725751279648 26.613374028533144 7.427512966276316 10.556661054820143
11.880101212017891 26.186366537240296 6.755023960013759 11.305516596680508
13.657535919307874 18.21739220431529 6.316104876627991 11.949016947421944
25.447421075191883 16.411336651157974 5.927817990511711 6.239948155672314
23.48831752088334 14.480497064182 5.6985071755039005 7.809272505300166
21.7454234943222 12.781513111051936 5.6745160153763425 9.017613196410204
20.291147864637985 11.56146113606792 5.844235114366473 8.863631703111293
19.039575510975702 10.673935023971723 6.193091895472945 7.6331333457979245
17.892289373822933 10.032475900203318 6.662461761763604 5.649959630983573
16.756508111679526 9.597250844126242 21.370228190254156 3.1861565995911665
15.568683311021426 11.436141739184785 24.222154190474708 -17.015088967447454
14.506151524726537 12.724377531035655 24.590905902574455 -6.404165227377255
13.279172551255144 12.813791741851606 22.146955401313367 1.3583962506922767
12.146814337098105 13.719677315478634 21.11450802912411 -2.8119472713608875
11.00478314675123 12.915386827142102 19.806205427010227 -2.17230078531076
10.12497350153798 10.791295676475611 21.568337803011865 -9.830905802151669
9.76875588674252 8.86700813824598 31.924698836542802 -16.638059093990265
11.426276418412732 7.619596046757388 30.86034379591915 -28.96895421406597
18.717749529531073 7.523273977918219 12.702801315806129 -31.206371603298745
27.35929117110365 7.572297575220156 10.533387977489415 -12.032674057323712
24.80719755599317 7.183296922799175 11.324381782471061 1.1775157560891372
27.121687602929136 6.975677784933223 11.285174193460037 -2.604567148218753
26.034614794737422 6.6952674746317555 11.648197371288473 -0.497338540578398
24.702043183983957 6.507854343359714 11.639907927302676 -2.1352170183069226
23.347078614411103 6.418870791729191 11.37995291425108 -3.269038917505557
22.022785046581717 6.430083107994378 10.999026147560132 -3.9728118386685285
20.74571285452692 6.570191219372466 10.5220297614737 -4.46107304164587
19.52915183020773 6.834259693361613 10.036726685426215 -4.7188112438732635
18.37480948939685 7.298861877735383 9.486644808702447 -4.889946509582461
17.26491134363676 7.908716400951857 8.979089041181053 -4.743777661883364
16.19608249974238 8.740620485305879 8.459172740762813 -4.531376325196444
15.139304578323868 9.750746889378007 7.958226506386805 -4.020898482337414
14.078736212500077 10.92658151494254 7.467802529362551 -3.2921764127801527
