4D J  = 40
-4.2645438
22.10915504 -21.96607592 -8.78433146 -2.43319212 12.85680385
10.91203041 -45.26943073 -0.42541792 -26.72101244 34.80348705
5.83474849 -15.66874825 8.98066036 -28.04217578 29.44039263
26.93762812 11.77509578 6.55165523 -18.52575853 38.20810585
-38.50505942 40.65723925 26.15237946 11.84451055 35.20080512
3.68180169 29.90286668 -39.13290055 16.43208102 21.24953217
-17.51594218 16.04454567 -35.9857023 13.50981601 29.99245062
-0.63084018 -23.92349808 1.72416565 -18.22135314 28.31161401
31.69029435 -28.02692636 -6.71153034 23.3635479 2.69146355
-20.73037229 -16.46890032 21.25073285 -30.31000781 27.14556121
21.38580126 -34.53992066 -22.07119078 -45.9474352 29.06907956
34.06977064 -40.8987859 32.47466372 -36.1374676 6.11689714
10.3459436 15.66890294 6.83439899 -13.6899103 37.51088874
18.58443401 -12.80628519 20.04733266 25.72858913 18.3986768
-28.03558003 28.95682172 26.39427174 -16.73851559 2.41515925
-4.67730619 -2.10083204 10.55808482 -23.22056737 23.51448082
22.18808445 18.78084824 25.13353784 -3.84072625 27.74201468
12.88442223 -34.72948144 -50.37408294 24.87199041 9.36835295
6.67348919 -9.37877678 -3.80901901 29.60814092 27.226976
-12.99125284 -14.32549549 30.53571064 32.23972095 9.6732251
15.37771472 -11.30883155 31.55887073 13.35599545 28.83460039
14.85683369 -21.2791951 34.41451135 27.48890645 36.56610734
-1.69935296 -41.69706604 -0.24810759 -20.68037718 41.97876215
-34.11911344 1.16722949 -6.36823876 28.55385396 29.93211666
-21.36198651 -53.25365191 38.84843058 -11.02510711 24.65771286
-20.18290213 31.01207422 23.98515053 17.24315688 10.95004976
39.53128822 32.06236789 -11.18590345 -6.6409918 28.76526902
-15.84102794 1.36291076 8.50115793 28.80971669 20.76920403
8.84937315 1.26788321 3.23113289 -35.1364037 29.64678493
-17.52453772 -8.92852571 -7.48731089 20.61684776 21.46108454
55.24941591 11.75103616 17.16876948 27.83402252 6.47726244
35.47885785 -33.39375649 -0.45382279 9.09113984 11.07222034
-0.34617844 5.46228133 43.13870769 17.77165801 2.02641687
22.02597452 16.84711006 8.01553605 24.25721715 1.43342628
-43.06968114 -8.8996879 2.63624471 16.87997254 22.13716799
-32.41074412 14.50279147 -19.02245717 19.40171528 1.49112601
-37.28121746 -16.66854328 -14.46082304 20.93097404 24.92404306
28.02021472 0.38325063 38.89749016 -27.9849378 4.86036319
28.1348629 -21.36962706 -31.47907227 -7.81973243 40.88768273
-41.03116774 -38.9752166 -29.35434594 -7.58074107 26.53496317

6D J = 40
-2.19078241
23.0558498 17.9735382 -20.2095204 -29.0741761 -26.3156486 37.0776846 29.1821461
-9.13361142 10.0978144 -15.8112968 -23.4529389 30.8452644 -3.09614512 12.9321499
35.6881865 10.4401451 -12.6393895 -17.8677424 -0.342371375 -0.617956756 6.86642756
15.1611102 31.2722745 25.374781 -35.2593123 2.64556054 -30.2739839 3.78162924
-10.5576511 -32.8664142 -8.67920172 -6.33129279 -2.61597611 -55.1343553 40.4219013
0.779540262 11.5543279 -22.6695231 -0.0891217947 -19.4478483 -12.5828411 9.51663569
7.435087 -20.0982363 28.639275 -6.96614983 -31.6683379 -43.5414773 11.5094766
-37.9280468 -14.4683871 -28.6749859 22.9534827 29.7509042 -0.643976124 24.6493924
-23.1100845 14.773567 -18.7776677 -26.4872289 -2.43988638 38.2093661 19.0182089
-16.7115231 -31.2814618 -17.221442 5.93557285 10.925129 -1.71433916 25.5107496
-39.3577891 -39.6515952 -16.3957318 -9.7813061 -24.3393419 42.0820927 42.8238186
-16.0599201 8.63936685 -33.4903872 24.314354 32.6078592 35.722849 41.081953
9.12139531 21.8948439 30.8050057 17.1917387 -26.4010152 -29.95644 20.7692127
-11.3034097 -31.0127843 28.0349764 -48.3100761 5.64315109 -23.5947846 12.1041547
-26.4276985 6.36393125 -12.5762797 -33.6126584 37.4366804 -13.0960105 1.02001993
-7.48953855 -33.7584687 -14.1871814 -36.0833595 4.37170881 1.11907023 15.2976763
36.0465498 41.7296941 -20.4190732 12.0835474 -40.1212649 -16.1454003 17.5383396
-19.0571719 -2.1187915 -30.6757754 26.1079917 -6.30929097 -5.13793033 23.8796598
5.51591694 21.1255688 20.7529212 -18.0508567 53.0429459 8.35622346 1.0297952
1.05754595 -36.1773932 -40.5262529 -36.9425457 19.482498 5.72634776 4.81426013
39.4301207 5.76804401 25.1470144 6.33425126 30.4887206 -0.0146403584 25.4350744
-37.5421843 37.1716601 -37.907691 -26.0766231 21.6943125 -18.5500825 42.5065973
12.2445098 9.02637449 8.86044432 -23.0675871 -5.3115818 4.45189606 34.2974846
34.9722391 23.517297 -25.0245923 -24.4371179 9.50716826 37.3415353 25.1170111
33.2286667 11.1932107 -43.2858362 1.34869752 20.7755735 11.9169365 12.5864197
-40.3105373 14.4871332 11.5319871 21.2667552 16.2498664 2.79776119 8.75235782
-12.2338884 -48.8547607 -0.0255126435 39.1064623 -16.5413066 -2.46519669 26.5290253
-36.1681322 17.8056503 34.5034326 -15.1699736 11.6826406 9.01662937 48.3082963
17.2943129 25.4619713 -20.6247576 26.8548906 5.54577671 25.8236153 9.89608808
37.6651179 5.50220658 -7.90851662 16.08841 -41.3908884 43.0288098 11.7282055
41.6944779 -30.3849798 -0.712006332 -31.3938828 0.651618032 -3.99572175 49.9330399
12.3811626 10.0484238 -3.32135853 -11.9342697 -17.4560499 -38.4482179 26.0672509
5.72517283 16.3965428 -17.3885693 22.4087962 -9.48733159 -33.9296024 42.3668634
35.8253776 -22.1160525 -17.1335109 30.9529139 27.4839297 -15.0347886 44.6115127
20.9197762 22.586836 -25.3948768 1.99149523 -12.0420001 -18.4329675 26.6297245
-15.0604293 27.6029508 -8.783608 5.05610504 35.8781293 21.4107391 35.0217662
32.8240877 -24.9789851 -18.8721904 3.4146945 14.2957758 27.8721007 10.36266
11.5820156 29.0499033 -0.395181901 7.47747414 27.7367793 -22.7757398 5.19349026
59.1002416 2.00201906 16.4210069 24.9117495 8.9170229 5.65883462 5.27014432
33.1839639 -38.916163 -17.1198848 8.0511672 5.18087094 -18.5820383 31.0582496

