20.800006975501855 8.438500727838887 8.454520321837977 0
19.60000697550186 8.437156553052805 8.455866619491164 -0.0300367387482936
18.40000697550186 8.435812378266725 8.45721291714435 -0.0698360896744461
17.200006975501864 24.456853211320556 8.458559214797535 -0.07982494657295547
16.222025196051373 37.052090312274466 10.100732387243118 13.200041853011186
15.293692218361294 34.7780631679257 11.834146400724867 7.332151176308237
14.166360363008673 34.04350987328329 12.799252187680453 1.7621533101677613
13.205350653478643 32.62638632580404 14.061172151674075 5.001837821947959
12.655435674011976 30.545812570158198 12.127030064309734 10.767896079128143
12.665245281725667 28.758903979710787 10.53487818150074 14.067385955928145
13.124677340077351 27.68106180670424 9.415557132703512 14.008528309645996
13.853091528904718 27.064592131473376 8.626049069611543 11.251935959535892
14.139943343994913 20.68130863741454 7.9824591495224215 6.881450826571694
14.253941141599398 18.586564190805806 7.408126572207653 5.160339936030525
26.854727922304836 17.468526186970198 6.891402253485488 4.476353150403611
23.18368041290963 9.71089309954546 7.623662670812114 30.0
21.83404403396399 8.247039628732967 8.67207219254714 15.0
20.629610812556898 8.2391375804882 8.67376145958513 -0.7969360571515693
19.42630397018768 8.242515929719843 8.664293270223594 -0.8149197733067481
18.222658390263646 8.310744681896564 8.585530959799582 -1.430795723159477
17.022295451361767 8.40486867006276 24.28298427474012 -0.9642105828428029
16.112098706005952 10.333217900946249 27.907719734686545 -15.0
15.662234163379855 14.403216360151383 6.437625366923632 -15.0
14.082870034927124 13.021722516140978 27.43118428841797 7.5
13.759030538575786 13.316409794459826 35.23405218422166 -15.0
13.910711744249411 11.625607512531486 33.15361472898534 -15.0
14.71851203221466 10.478061493394474 31.990023159269665 -15.0
16.61401217693734 9.778182836837734 13.87058941884463 -15.0
17.624052606192908 9.242099432944313 11.97407344517513 -7.60528793657577
18.81372457365036 8.802970491030655 11.25465327015401 -6.087309622557882
20.405326773424026 8.449824937802383 10.813439501951086 -5.531146310723102
22.073102079026004 8.143015728114877 10.65972052535979 -4.431777307778816
24.617077511605363 7.911716944093023 10.440473679591216 -4.718821494834209
25.420925239278258 7.760917151431731 10.172229606510232 -4.741418879059111
23.95510810002404 7.697467125474594 9.86543859306231 -4.521210853272187
22.59061189897526 7.69126928435645 9.609272127404918 -4.064946501726965
21.29533147125196 7.730928071065884 9.390972742964028 -3.596255330715877
20.04521753348462 7.803604523121794 9.204032055614142 -3.11258375980902
18.819283351323282 7.944210792626466 8.982766588537233 -2.6258016234231505
17.61470354566305 8.159538472322946 8.730233029578434 -3.09182582661974