20.800006975501855 8.438500727838887 8.454520321837977 0
19.602197346396334 8.328056010950078 8.570021054599232 0.8720859641045348
18.40093289436768 8.358374787098201 8.536415150619083 -0.6458147139769748
17.202345501142453 24.135153716790832 8.38220545449816 -1.847032325505309
16.023956690369875 23.911510991155883 8.892205366666053 5.375902643324756
14.886573090162083 38.49452547881081 9.543576298812297 4.818139620935058
14.098512390641977 34.503026388313735 12.100438750557299 13.424904920162708
13.356615016240568 32.34126353827212 13.755678518685473 8.99767982572348
12.503286750147385 31.0247265374933 12.18091564126432 5.872456483755564
11.821647885432307 29.662262994540992 10.709511461251719 7.409523681130826
11.326903272703385 28.42251596866303 9.414627383711286 8.667252818715689
11.094491659694368 27.383119383242953 8.316528994875352 9.701139654785225
11.17725751279648 26.613374028533144 7.427512966276316 10.556661054820143
11.880101212017891 26.186366537240296 6.755023960013759 11.305516596680508
13.657535919307874 18.21739220431529 6.316104876627991 11.949016947421944
25.447421075191883 16.411336651157974 5.927817990511711 6.239948155672314
23.48831752088334 14.480497064182 5.6985071755039005 7.809272505300166
21.7454234943222 12.781513111051936 5.6745160153763425 9.017613196410204
20.291147864637985 11.56146113606792 5.844235114366473 8.863631703111293
19.039575510975702 10.673935023971723 6.193091895472945 7.6331333457979245
17.892289373822933 10.032475900203318 6.662461761763604 5.649959630983573
16.756508111679526 9.597250844126242 21.370228190254156 3.1861565995911665
15.568683311021426 11.436141739184785 24.222154190474708 -17.015088967447454
14.506151524726537 12.724377531035655 24.590905902574455 -6.404165227377255
13.279172551255144 12.813791741851606 22.146955401313367 1.3583962506922767
12.146814337098105 13.719677315478634 21.11450802912411 -2.8119472713608875
11.00478314675123 12.915386827142102 19.806205427010227 -2.17230078531076
10.12497350153798 10.791295676475611 21.568337803011865 -9.830905802151669
9.76875588674252 8.86700813824598 31.924698836542802 -16.638059093990265
11.426276418412732 7.619596046757388 30.86034379591915 -28.96895421406597
18.717749529531073 7.523273977918219 12.702801315806129 -31.206371603298745
27.35929117110365 7.572297575220156 10.533387977489415 -12.032674057323712
24.80719755599317 7.183296922799175 11.324381782471061 1.1775157560891372
27.121687602929136 6.975677784933223 11.285174193460037 -2.604567148218753
26.034614794737422 6.6952674746317555 11.648197371288473 -0.497338540578398
24.702043183983957 6.507854343359714 11.639907927302676 -2.1352170183069226
23.347078614411103 6.418870791729191 11.37995291425108 -3.269038917505557
22.022785046581717 6.430083107994378 10.999026147560132 -3.9728118386685285
20.74571285452692 6.570191219372466 10.5220297614737 -4.46107304164587
19.52915183020773 6.834259693361613 10.036726685426215 -4.7188112438732635
18.37480948939685 7.298861877735383 9.486644808702447 -4.889946509582461
17.26491134363676 7.908716400951857 8.979089041181053 -4.743777661883364
16.19608249974238 8.740620485305879 8.459172740762813 -4.531376325196444
15.139304578323868 9.750746889378007 7.958226506386805 -4.020898482337414
14.078736212500077 10.92658151494254 7.467802529362551 -3.2921764127801527
20.800006975501855 8.438500727838887 8.454520321837977 0
19.602197346396334 8.328056010950078 8.570021054599232 0.8720859641045348
18.40093289436768 8.358374787098201 8.536415150619083 -0.6458147139769748
17.202345501142453 24.135153716790832 8.38220545449816 -1.847032325505309
16.023956690369875 23.911510991155883 8.892205366666053 5.375902643324756
14.886573090162083 38.49452547881081 9.543576298812297 4.818139620935058
14.098512390641977 34.503026388313735 12.100438750557299 13.424904920162708
13.356615016240568 32.34126353827212 13.755678518685473 8.99767982572348
12.503286750147385 31.0247265374933 12.18091564126432 5.872456483755564
11.821647885432307 29.662262994540992 10.709511461251719 7.409523681130826
11.326903272703385 28.42251596866303 9.414627383711286 8.667252818715689
11.094491659694368 27.383119383242953 8.316528994875352 9.701139654785225
11.17725751279648 26.613374028533144 7.427512966276316 10.556661054820143
11.880101212017891 26.186366537240296 6.755023960013759 11.305516596680508
13.657535919307874 18.21739220431529 6.316104876627991 11.949016947421944
25.447421075191883 16.411336651157974 5.927817990511711 6.239948155672314
23.48831752088334 14.480497064182 5.6985071755039005 7.809272505300166
21.7454234943222 12.781513111051936 5.6745160153763425 9.017613196410204
20.291147864637985 11.56146113606792 5.844235114366473 8.863631703111293
19.039575510975702 10.673935023971723 6.193091895472945 7.6331333457979245
17.892289373822933 10.032475900203318 6.662461761763604 5.649959630983573
16.756508111679526 9.597250844126242 21.370228190254156 3.1861565995911665
15.568683311021426 11.436141739184785 24.222154190474708 -17.015088967447454
14.506151524726537 12.724377531035655 24.590905902574455 -6.404165227377255
13.279172551255144 12.813791741851606 22.146955401313367 1.3583962506922767
12.146814337098105 13.719677315478634 21.11450802912411 -2.8119472713608875
11.00478314675123 12.915386827142102 19.806205427010227 -2.17230078531076
10.12497350153798 10.791295676475611 21.568337803011865 -9.830905802151669
9.76875588674252 8.86700813824598 31.924698836542802 -16.638059093990265
11.426276418412732 7.619596046757388 30.86034379591915 -28.96895421406597
18.717749529531073 7.523273977918219 12.702801315806129 -31.206371603298745
27.35929117110365 7.572297575220156 10.533387977489415 -12.032674057323712
24.80719755599317 7.183296922799175 11.324381782471061 1.1775157560891372
27.121687602929136 6.975677784933223 11.285174193460037 -2.604567148218753
26.034614794737422 6.6952674746317555 11.648197371288473 -0.497338540578398
24.702043183983957 6.507854343359714 11.639907927302676 -2.1352170183069226
23.347078614411103 6.418870791729191 11.37995291425108 -3.269038917505557
22.022785046581717 6.430083107994378 10.999026147560132 -3.9728118386685285
20.74571285452692 6.570191219372466 10.5220297614737 -4.46107304164587
19.52915183020773 6.834259693361613 10.036726685426215 -4.7188112438732635
18.37480948939685 7.298861877735383 9.486644808702447 -4.889946509582461
17.26491134363676 7.908716400951857 8.979089041181053 -4.743777661883364
16.19608249974238 8.740620485305879 8.459172740762813 -4.531376325196444
15.139304578323868 9.750746889378007 7.958226506386805 -4.020898482337414
14.078736212500077 10.92658151494254 7.467802529362551 -3.2921764127801527
20.800006975501855 8.438500727838887 8.454520321837977 0
19.602197346396334 8.328056010950078 8.570021054599232 0.8720859641045348
18.40093289436768 8.358374787098201 8.536415150619083 -0.6458147139769748
17.202345501142453 24.135153716790832 8.38220545449816 -1.847032325505309
16.023956690369875 23.911510991155883 8.892205366666053 5.375902643324756
14.886573090162083 38.49452547881081 9.543576298812297 4.818139620935058
14.098512390641977 34.503026388313735 12.100438750557299 13.424904920162708
13.356615016240568 32.34126353827212 13.755678518685473 8.99767982572348
12.503286750147385 31.0247265374933 12.18091564126432 5.872456483755564
11.821647885432307 29.662262994540992 10.709511461251719 7.409523681130826
11.326903272703385 28.42251596866303 9.414627383711286 8.667252818715689
11.094491659694368 27.383119383242953 8.316528994875352 9.701139654785225
11.17725751279648 26.613374028533144 7.427512966276316 10.556661054820143
11.880101212017891 26.186366537240296 6.755023960013759 11.305516596680508
13.657535919307874 18.21739220431529 6.316104876627991 11.949016947421944
25.447421075191883 16.411336651157974 5.927817990511711 6.239948155672314
23.48831752088334 14.480497064182 5.6985071755039005 7.809272505300166
21.7454234943222 12.781513111051936 5.6745160153763425 9.017613196410204
20.291147864637985 11.56146113606792 5.844235114366473 8.863631703111293
19.039575510975702 10.673935023971723 6.193091895472945 7.6331333457979245
17.892289373822933 10.032475900203318 6.662461761763604 5.649959630983573
16.756508111679526 9.597250844126242 21.370228190254156 3.1861565995911665
15.568683311021426 11.436141739184785 24.222154190474708 -17.015088967447454
14.506151524726537 12.724377531035655 24.590905902574455 -6.404165227377255
13.279172551255144 12.813791741851606 22.146955401313367 1.3583962506922767
12.146814337098105 13.719677315478634 21.11450802912411 -2.8119472713608875
11.00478314675123 12.915386827142102 19.806205427010227 -2.17230078531076
10.12497350153798 10.791295676475611 21.568337803011865 -9.830905802151669
9.76875588674252 8.86700813824598 31.924698836542802 -16.638059093990265
11.426276418412732 7.619596046757388 30.86034379591915 -28.96895421406597
18.717749529531073 7.523273977918219 12.702801315806129 -31.206371603298745
27.35929117110365 7.572297575220156 10.533387977489415 -12.032674057323712
24.80719755599317 7.183296922799175 11.324381782471061 1.1775157560891372
27.121687602929136 6.975677784933223 11.285174193460037 -2.604567148218753
26.034614794737422 6.6952674746317555 11.648197371288473 -0.497338540578398
24.702043183983957 6.507854343359714 11.639907927302676 -2.1352170183069226
23.347078614411103 6.418870791729191 11.37995291425108 -3.269038917505557
22.022785046581717 6.430083107994378 10.999026147560132 -3.9728118386685285
20.74571285452692 6.570191219372466 10.5220297614737 -4.46107304164587
19.52915183020773 6.834259693361613 10.036726685426215 -4.7188112438732635
18.37480948939685 7.298861877735383 9.486644808702447 -4.889946509582461
17.26491134363676 7.908716400951857 8.979089041181053 -4.743777661883364
16.19608249974238 8.740620485305879 8.459172740762813 -4.531376325196444
15.139304578323868 9.750746889378007 7.958226506386805 -4.020898482337414
14.078736212500077 10.92658151494254 7.467802529362551 -3.2921764127801527
20.800006975501855 8.438500727838887 8.454520321837977 0
19.602197346396334 8.328056010950078 8.570021054599232 0.8720859641045348
18.40093289436768 8.358374787098201 8.536415150619083 -0.6458147139769748
17.202345501142453 24.135153716790832 8.38220545449816 -1.847032325505309
16.023956690369875 23.911510991155883 8.892205366666053 5.375902643324756
14.886573090162083 38.49452547881081 9.543576298812297 4.818139620935058
14.098512390641977 34.503026388313735 12.100438750557299 13.424904920162708
13.356615016240568 32.34126353827212 13.755678518685473 8.99767982572348
12.503286750147385 31.0247265374933 12.18091564126432 5.872456483755564
11.821647885432307 29.662262994540992 10.709511461251719 7.409523681130826
11.326903272703385 28.42251596866303 9.414627383711286 8.667252818715689
11.094491659694368 27.383119383242953 8.316528994875352 9.701139654785225
11.17725751279648 26.613374028533144 7.427512966276316 10.556661054820143
11.880101212017891 26.186366537240296 6.755023960013759 11.305516596680508
13.657535919307874 18.21739220431529 6.316104876627991 11.949016947421944
25.447421075191883 16.411336651157974 5.927817990511711 6.239948155672314
23.48831752088334 14.480497064182 5.6985071755039005 7.809272505300166
21.7454234943222 12.781513111051936 5.6745160153763425 9.017613196410204
20.291147864637985 11.56146113606792 5.844235114366473 8.863631703111293
19.039575510975702 10.673935023971723 6.193091895472945 7.6331333457979245
17.892289373822933 10.032475900203318 6.662461761763604 5.649959630983573
16.756508111679526 9.597250844126242 21.370228190254156 3.1861565995911665
15.568683311021426 11.436141739184785 24.222154190474708 -17.015088967447454
14.506151524726537 12.724377531035655 24.590905902574455 -6.404165227377255
13.279172551255144 12.813791741851606 22.146955401313367 1.3583962506922767
12.146814337098105 13.719677315478634 21.11450802912411 -2.8119472713608875
11.00478314675123 12.915386827142102 19.806205427010227 -2.17230078531076
10.12497350153798 10.791295676475611 21.568337803011865 -9.830905802151669
9.76875588674252 8.86700813824598 31.924698836542802 -16.638059093990265
11.426276418412732 7.619596046757388 30.86034379591915 -28.96895421406597
18.717749529531073 7.523273977918219 12.702801315806129 -31.206371603298745
27.35929117110365 7.572297575220156 10.533387977489415 -12.032674057323712
24.80719755599317 7.183296922799175 11.324381782471061 1.1775157560891372
27.121687602929136 6.975677784933223 11.285174193460037 -2.604567148218753
26.034614794737422 6.6952674746317555 11.648197371288473 -0.497338540578398
24.702043183983957 6.507854343359714 11.639907927302676 -2.1352170183069226
23.347078614411103 6.418870791729191 11.37995291425108 -3.269038917505557
22.022785046581717 6.430083107994378 10.999026147560132 -3.9728118386685285
20.74571285452692 6.570191219372466 10.5220297614737 -4.46107304164587
19.52915183020773 6.834259693361613 10.036726685426215 -4.7188112438732635
18.37480948939685 7.298861877735383 9.486644808702447 -4.889946509582461
17.26491134363676 7.908716400951857 8.979089041181053 -4.743777661883364
16.19608249974238 8.740620485305879 8.459172740762813 -4.531376325196444
15.139304578323868 9.750746889378007 7.958226506386805 -4.020898482337414
14.078736212500077 10.92658151494254 7.467802529362551 -3.2921764127801527
20.800006975501855 8.438500727838887 8.454520321837977 0
19.602197346396334 8.328056010950078 8.570021054599232 0.8720859641045348
18.40093289436768 8.358374787098201 8.536415150619083 -0.6458147139769748
17.202345501142453 24.135153716790832 8.38220545449816 -1.847032325505309
16.023956690369875 23.911510991155883 8.892205366666053 5.375902643324756
14.886573090162083 38.49452547881081 9.543576298812297 4.818139620935058
14.098512390641977 34.503026388313735 12.100438750557299 13.424904920162708
13.356615016240568 32.34126353827212 13.755678518685473 8.99767982572348
12.503286750147385 31.0247265374933 12.18091564126432 5.872456483755564
11.821647885432307 29.662262994540992 10.709511461251719 7.409523681130826
11.326903272703385 28.42251596866303 9.414627383711286 8.667252818715689
11.094491659694368 27.383119383242953 8.316528994875352 9.701139654785225
11.17725751279648 26.613374028533144 7.427512966276316 10.556661054820143
11.880101212017891 26.186366537240296 6.755023960013759 11.305516596680508
13.657535919307874 18.21739220431529 6.316104876627991 11.949016947421944
25.447421075191883 16.411336651157974 5.927817990511711 6.239948155672314
23.48831752088334 14.480497064182 5.6985071755039005 7.809272505300166
21.7454234943222 12.781513111051936 5.6745160153763425 9.017613196410204
20.291147864637985 11.56146113606792 5.844235114366473 8.863631703111293
19.039575510975702 10.673935023971723 6.193091895472945 7.6331333457979245
17.892289373822933 10.032475900203318 6.662461761763604 5.649959630983573
16.756508111679526 9.597250844126242 21.370228190254156 3.1861565995911665
15.568683311021426 11.436141739184785 24.222154190474708 -17.015088967447454
14.506151524726537 12.724377531035655 24.590905902574455 -6.404165227377255
13.279172551255144 12.813791741851606 22.146955401313367 1.3583962506922767
12.146814337098105 13.719677315478634 21.11450802912411 -2.8119472713608875
11.00478314675123 12.915386827142102 19.806205427010227 -2.17230078531076
10.12497350153798 10.791295676475611 21.568337803011865 -9.830905802151669
9.76875588674252 8.86700813824598 31.924698836542802 -16.638059093990265
11.426276418412732 7.619596046757388 30.86034379591915 -28.96895421406597
18.717749529531073 7.523273977918219 12.702801315806129 -31.206371603298745
27.35929117110365 7.572297575220156 10.533387977489415 -12.032674057323712
24.80719755599317 7.183296922799175 11.324381782471061 1.1775157560891372
27.121687602929136 6.975677784933223 11.285174193460037 -2.604567148218753
26.034614794737422 6.6952674746317555 11.648197371288473 -0.497338540578398
24.702043183983957 6.507854343359714 11.639907927302676 -2.1352170183069226
23.347078614411103 6.418870791729191 11.37995291425108 -3.269038917505557
22.022785046581717 6.430083107994378 10.999026147560132 -3.9728118386685285
20.74571285452692 6.570191219372466 10.5220297614737 -4.46107304164587
19.52915183020773 6.834259693361613 10.036726685426215 -4.7188112438732635
18.37480948939685 7.298861877735383 9.486644808702447 -4.889946509582461
17.26491134363676 7.908716400951857 8.979089041181053 -4.743777661883364
16.19608249974238 8.740620485305879 8.459172740762813 -4.531376325196444
15.139304578323868 9.750746889378007 7.958226506386805 -4.020898482337414
14.078736212500077 10.92658151494254 7.467802529362551 -3.2921764127801527
20.800006975501855 8.438500727838887 8.454520321837977 0
19.602197346396334 8.328056010950078 8.570021054599232 0.8720859641045348
18.40093289436768 8.358374787098201 8.536415150619083 -0.6458147139769748
17.202345501142453 24.135153716790832 8.38220545449816 -1.847032325505309
16.023956690369875 23.911510991155883 8.892205366666053 5.375902643324756
14.886573090162083 38.49452547881081 9.543576298812297 4.818139620935058
14.098512390641977 34.503026388313735 12.100438750557299 13.424904920162708
13.356615016240568 32.34126353827212 13.755678518685473 8.99767982572348
12.503286750147385 31.0247265374933 12.18091564126432 5.872456483755564
11.821647885432307 29.662262994540992 10.709511461251719 7.409523681130826
11.326903272703385 28.42251596866303 9.414627383711286 8.667252818715689
11.094491659694368 27.383119383242953 8.316528994875352 9.701139654785225
11.17725751279648 26.613374028533144 7.427512966276316 10.556661054820143
11.880101212017891 26.186366537240296 6.755023960013759 11.305516596680508
13.657535919307874 18.21739220431529 6.316104876627991 11.949016947421944
25.447421075191883 16.411336651157974 5.927817990511711 6.239948155672314
23.48831752088334 14.480497064182 5.6985071755039005 7.809272505300166
21.7454234943222 12.781513111051936 5.6745160153763425 9.017613196410204
20.291147864637985 11.56146113606792 5.844235114366473 8.863631703111293
19.039575510975702 10.673935023971723 6.193091895472945 7.6331333457979245
17.892289373822933 10.032475900203318 6.662461761763604 5.649959630983573
16.756508111679526 9.597250844126242 21.370228190254156 3.1861565995911665
15.568683311021426 11.436141739184785 24.222154190474708 -17.015088967447454
14.506151524726537 12.724377531035655 24.590905902574455 -6.404165227377255
13.279172551255144 12.813791741851606 22.146955401313367 1.3583962506922767
12.146814337098105 13.719677315478634 21.11450802912411 -2.8119472713608875
11.00478314675123 12.915386827142102 19.806205427010227 -2.17230078531076
10.12497350153798 10.791295676475611 21.568337803011865 -9.830905802151669
9.76875588674252 8.86700813824598 31.924698836542802 -16.638059093990265
11.426276418412732 7.619596046757388 30.86034379591915 -28.96895421406597
18.717749529531073 7.523273977918219 12.702801315806129 -31.206371603298745
27.35929117110365 7.572297575220156 10.533387977489415 -12.032674057323712
24.80719755599317 7.183296922799175 11.324381782471061 1.1775157560891372
27.121687602929136 6.975677784933223 11.285174193460037 -2.604567148218753
26.034614794737422 6.6952674746317555 11.648197371288473 -0.497338540578398
24.702043183983957 6.507854343359714 11.639907927302676 -2.1352170183069226
23.347078614411103 6.418870791729191 11.37995291425108 -3.269038917505557
22.022785046581717 6.430083107994378 10.999026147560132 -3.9728118386685285
20.74571285452692 6.570191219372466 10.5220297614737 -4.46107304164587
19.52915183020773 6.834259693361613 10.036726685426215 -4.7188112438732635
18.37480948939685 7.298861877735383 9.486644808702447 -4.889946509582461
17.26491134363676 7.908716400951857 8.979089041181053 -4.743777661883364
16.19608249974238 8.740620485305879 8.459172740762813 -4.531376325196444
15.139304578323868 9.750746889378007 7.958226506386805 -4.020898482337414
14.078736212500077 10.92658151494254 7.467802529362551 -3.2921764127801527
20.800006975501855 8.438500727838887 8.454520321837977 0
19.602197346396334 8.328056010950078 8.570021054599232 0.8720859641045348
18.40093289436768 8.358374787098201 8.536415150619083 -0.6458147139769748
17.202345501142453 24.135153716790832 8.38220545449816 -1.847032325505309
16.023956690369875 23.911510991155883 8.892205366666053 5.375902643324756
14.886573090162083 38.49452547881081 9.543576298812297 4.818139620935058
14.098512390641977 34.503026388313735 12.100438750557299 13.424904920162708
13.356615016240568 32.34126353827212 13.755678518685473 8.99767982572348
12.503286750147385 31.0247265374933 12.18091564126432 5.872456483755564
11.821647885432307 29.662262994540992 10.709511461251719 7.409523681130826
11.326903272703385 28.42251596866303 9.414627383711286 8.667252818715689
11.094491659694368 27.383119383242953 8.316528994875352 9.701139654785225
11.17725751279648 26.613374028533144 7.427512966276316 10.556661054820143
11.880101212017891 26.186366537240296 6.755023960013759 11.305516596680508
13.657535919307874 18.21739220431529 6.316104876627991 11.949016947421944
25.447421075191883 16.411336651157974 5.927817990511711 6.239948155672314
23.48831752088334 14.480497064182 5.6985071755039005 7.809272505300166
21.7454234943222 12.781513111051936 5.6745160153763425 9.017613196410204
20.291147864637985 11.56146113606792 5.844235114366473 8.863631703111293
19.039575510975702 10.673935023971723 6.193091895472945 7.6331333457979245
17.892289373822933 10.032475900203318 6.662461761763604 5.649959630983573
16.756508111679526 9.597250844126242 21.370228190254156 3.1861565995911665
15.568683311021426 11.436141739184785 24.222154190474708 -17.015088967447454
14.506151524726537 12.724377531035655 24.590905902574455 -6.404165227377255
13.279172551255144 12.813791741851606 22.146955401313367 1.3583962506922767
12.146814337098105 13.719677315478634 21.11450802912411 -2.8119472713608875
11.00478314675123 12.915386827142102 19.806205427010227 -2.17230078531076
10.12497350153798 10.791295676475611 21.568337803011865 -9.830905802151669
9.76875588674252 8.86700813824598 31.924698836542802 -16.638059093990265
11.426276418412732 7.619596046757388 30.86034379591915 -28.96895421406597
18.717749529531073 7.523273977918219 12.702801315806129 -31.206371603298745
27.35929117110365 7.572297575220156 10.533387977489415 -12.032674057323712
24.80719755599317 7.183296922799175 11.324381782471061 1.1775157560891372
27.121687602929136 6.975677784933223 11.285174193460037 -2.604567148218753
26.034614794737422 6.6952674746317555 11.648197371288473 -0.497338540578398
24.702043183983957 6.507854343359714 11.639907927302676 -2.1352170183069226
23.347078614411103 6.418870791729191 11.37995291425108 -3.269038917505557
22.022785046581717 6.430083107994378 10.999026147560132 -3.9728118386685285
20.74571285452692 6.570191219372466 10.5220297614737 -4.46107304164587
19.52915183020773 6.834259693361613 10.036726685426215 -4.7188112438732635
18.37480948939685 7.298861877735383 9.486644808702447 -4.889946509582461
17.26491134363676 7.908716400951857 8.979089041181053 -4.743777661883364
16.19608249974238 8.740620485305879 8.459172740762813 -4.531376325196444
15.139304578323868 9.750746889378007 7.958226506386805 -4.020898482337414
14.078736212500077 10.92658151494254 7.467802529362551 -3.2921764127801527
20.800006975501855 8.438500727838887 8.454520321837977 0
19.604154802272298 8.60918787050088 8.292947584978194 -1.4514568925264237
18.404154802272295 8.64225910654128 8.261111434239972 0.172209072483688
17.20152848116952 24.45901665467422 8.390957449813024 1.8647608455818965
16.01700106713437 23.733851176696596 8.746283154319155 3.635235015932311
14.884996851481576 38.57632190573765 9.443119976476885 5.042293309367612
13.907714992745152 35.722323593244596 11.017468181650191 8.363098253966541
13.079393775246793 33.30933731517705 13.6942105004463 9.037346654122668
12.307406124857268 31.53802267776575 12.255126308568352 8.307534456101582
11.854566953512029 29.78000905792281 10.616908517916995 10.766338673780087
11.872509108734251 28.3813174219194 9.297073519728173 12.928847529978412
12.55222167726232 27.560156068018177 8.347357162994562 14.184894786610498
14.226616823876478 19.503683690434258 7.750181078703808 14.397173315404519
28.706201050058766 15.984648199268985 7.286250753848672 8.206371442375058
25.75286648915143 11.919814512450246 7.220568607792854 14.283004648753142
23.71084398553367 7.7153029334162575 9.357442339885505 34.020235187798
14.998210300824534 6.260231876791186 24.441202579316368 28.314489741806806
15.544449389304527 5.877486115983078 23.730524973806844 -4.142187186319141
16.820724460149037 5.569172920171939 23.100395662246942 -4.39836672591625
19.46371724259211 5.351346715290557 22.569841519832806 -4.949628695546422
18.31958519640075 5.245492254024928 22.16511880715555 -5.930206523172231
16.958010473817072 5.282155586611948 21.923871708148422 -6.070859954092211
15.694728487762037 5.47269344031791 21.760675821296225 -6.183051988824252
14.514888647618776 5.852324750843035 21.690636388625503 -6.310242573433633
13.405973748953869 6.473357609760284 21.73689183712783 -6.474468430624071
12.375186571700059 7.4888782668929865 22.160385492052175 -6.7023474008747534
11.406544188337318 9.029011060592202 22.89580854623479 -7.138013076381313
10.54811381355265 10.725831359443864 24.862395917042317 -7.773850924224124
9.829973453014407 9.14494175483131 29.538744767268607 -9.173764506738376
9.432627368025532 7.783759598228592 34.7424587175391 -12.308793315921116
9.658197848459162 6.732187169422509 33.63193142690334 -15.299737267712205
10.506445611656492 6.022846615577811 32.00542328359552 -15.108940331653633
12.731578360461217 5.618211701978392 18.941547863665033 -14.745398199968767
14.879205504489416 5.3168589685665415 16.166989637478103 -8.612543584546913
18.979736025164986 5.148200527193673 14.400446548690505 -7.9441371053463605
28.75922558076412 5.139337543472997 13.028712910337308 -8.022839899763731
27.329566669051736 5.323613031415363 11.897863267098725 -7.770767582340961
26.13018726312712 5.713890854468545 10.987770203860634 -7.227898683838755
25.097155938996682 6.344855352939532 10.210576073015506 -6.660762442123268
10000 7.26131606893794 9.514194581118975 -6.046740438053073
10000 7.98371379166067 9.080439389788932 -2.19078241
10000 8.835017557909943 8.630976440069015 -2.19078241
10000 9.834190669979131 8.165931499014825 -2.19078241
10000 11.004376311676006 7.685358891372719 -2.19078241
10000 12.374094831717128 7.189246426129144 -2.19078241
17.60689907297331 13.97887870263308 6.677519344336802 -2.19078241
16.406899072973303 14.955241073639543 6.222412333159336 0.16111253540776627
15.412059524894897 15.491566409898676 5.803266448279533 1.072118146848343
14.115934844076099 15.043423892536909 5.414494422055927 1.6990835365131849
