0.0009555920528794104 1.1999996195181983 20.800006975501855 8.438500727838887 8.454520321837977 0
0.00191099299371956 2.399759247112388 19.602197346396334 8.328056010950078 8.570021054599232 0.8720859641045348
0.01886458067984165 3.5995794755901804 18.40093289436768 8.358374787098201 8.536415150619083 -0.6458147139769748
0.027815541719748465 4.7990061173860905 17.202345501142453 24.135153716790832 8.38220545449816 -1.847032325505309
0.012833890719547297 5.9940554924918885 16.023956690369875 23.911510991155883 8.892205366666053 5.375902643324756
0.06953365187658675 7.188872960189442 14.886573090162083 38.49452547881081 9.543576298812297 4.818139620935058
0.1870170112554507 8.351351114172315 14.098512390641977 34.503026388313735 12.100438750557299 13.424904920162708
0.48389278941715924 9.498222629800914 13.356615016240568 32.34126353827212 13.755678518685473 8.99767982572348
0.904185944467365 10.615810031243699 12.503286750147385 31.0247265374933 12.18091564126432 5.872456483755564
1.3962207722828555 11.699185548999859 11.821647885432307 29.662262994540992 10.709511461251719 7.409523681130826
1.978399776790452 12.733066528069012 11.326903272703385 28.42251596866303 9.414627383711286 8.667252818715689
2.6584846204870223 13.70067593508954 11.094491659694368 27.383119383242953 8.316528994875352 9.701139654785225
3.4419783094458007 14.583842596830051 11.17725751279648 26.613374028533144 7.427512966276316 10.556661054820143
4.321889002507131 15.364176556054183 11.880101212017891 26.186366537240296 6.755023960013759 11.305516596680508
5.295373934664146 16.01973061476186 13.657535919307874 18.21739220431529 6.316104876627991 11.949016947421944
6.36769757703062 16.542002736878228 25.447421075191883 16.411336651157974 5.927817990511711 6.239948155672314
7.47120038703625 16.982731070314408 23.48831752088334 14.480497064182 5.6985071755039005 7.809272505300166
8.607478230002856 17.317876060732754 21.7454234943222 12.781513111051936 5.6745160153763425 9.017613196410204
9.774747663912752 17.53077120118953 20.291147864637985 11.56146113606792 5.844235114366473 8.863631703111293
10.960757818154239 17.626587161722895 19.039575510975702 10.673935023971723 6.193091895472945 7.6331333457979245
12.154741912836577 17.61952191641288 17.892289373822933 10.032475900203318 6.662461761763604 5.649959630983573
13.34943394261903 17.53272806991977 16.756508111679526 9.597250844126242 21.370228190254156 3.1861565995911665
14.488589657869152 17.40401948765756 15.568683311021426 11.436141739184785 24.222154190474708 -17.015088967447454
15.676949181109373 17.50623400248939 14.506151524726537 12.724377531035655 24.590905902574455 -6.404165227377255
16.861565482391185 17.696255831586207 13.279172551255144 12.813791741851606 22.146955401313367 1.3583962506922767
18.047363604525266 17.87028402626586 12.146814337098105 13.719677315478634 21.11450802912411 -2.8119472713608875
19.227235978939916 18.08382186513995 11.00478314675123 12.915386827142102 19.806205427010227 -2.17230078531076
20.38500223113209 18.32540138510239 10.12497350153798 10.791295676475611 21.568337803011865 -9.830905802151669
21.47697696750287 18.685740507412046 9.76875588674252 8.86700813824598 31.924698836542802 -16.638059093990265
22.390717258658473 19.197504286142095 11.426276418412732 7.619596046757388 30.86034379591915 -28.96895421406597
23.076142427160445 19.96532507290756 18.717749529531073 7.523273977918219 12.702801315806129 -31.206371603298745
23.510280948655257 21.055713894007248 27.35929117110365 7.572297575220156 10.533387977489415 -12.032674057323712
23.794868196631256 22.221232737735377 24.80719755599317 7.183296922799175 11.324381782471061 1.1775157560891372
24.094654272365666 23.381634094075476 27.121687602929136 6.975677784933223 11.285174193460037 -2.604567148218753
24.35592343301351 24.552784994042817 26.034614794737422 6.6952674746317555 11.648197371288473 -0.497338540578398
24.609189170835204 25.724772065039556 24.702043183983957 6.507854343359714 11.639907927302676 -2.1352170183069226
24.830898223045367 26.90191577503543 23.347078614411103 6.418870791729191 11.37995291425108 -3.269038917505557
25.005259015588994 28.086210430641312 22.022785046581717 6.430083107994378 10.999026147560132 -3.9728118386685285
25.124118848450816 29.276452416189844 20.74571285452692 6.570191219372466 10.5220297614737 -4.46107304164587
25.17939799398793 30.471336452445723 19.52915183020773 6.834259693361613 10.036726685426215 -4.7188112438732635
25.17094664153124 31.66644985018215 18.37480948939685 7.298861877735383 9.486644808702447 -4.889946509582461
25.09083220199524 32.85992600017773 17.26491134363676 7.908716400951857 8.979089041181053 -4.743777661883364
24.94724735339943 34.047438962331896 16.19608249974238 8.740620485305879 8.459172740762813 -4.531376325196444
24.74044459745046 35.22650135991949 15.139304578323868 9.750746889378007 7.958226506386805 -4.020898482337414
24.478718486021485 36.39539898606605 14.078736212500077 10.92658151494254 7.467802529362551 -3.2921764127801527
0.0009555920528794104 1.1999996195181983 20.800006975501855 8.438500727838887 8.454520321837977 0
0.00191099299371956 2.399759247112388 19.602197346396334 8.328056010950078 8.570021054599232 0.8720859641045348
0.01886458067984165 3.5995794755901804 18.40093289436768 8.358374787098201 8.536415150619083 -0.6458147139769748
0.027815541719748465 4.7990061173860905 17.202345501142453 24.135153716790832 8.38220545449816 -1.847032325505309
0.012833890719547297 5.9940554924918885 16.023956690369875 23.911510991155883 8.892205366666053 5.375902643324756
0.06953365187658675 7.188872960189442 14.886573090162083 38.49452547881081 9.543576298812297 4.818139620935058
0.1870170112554507 8.351351114172315 14.098512390641977 34.503026388313735 12.100438750557299 13.424904920162708
0.48389278941715924 9.498222629800914 13.356615016240568 32.34126353827212 13.755678518685473 8.99767982572348
0.904185944467365 10.615810031243699 12.503286750147385 31.0247265374933 12.18091564126432 5.872456483755564
1.3962207722828555 11.699185548999859 11.821647885432307 29.662262994540992 10.709511461251719 7.409523681130826
1.978399776790452 12.733066528069012 11.326903272703385 28.42251596866303 9.414627383711286 8.667252818715689
2.6584846204870223 13.70067593508954 11.094491659694368 27.383119383242953 8.316528994875352 9.701139654785225
3.4419783094458007 14.583842596830051 11.17725751279648 26.613374028533144 7.427512966276316 10.556661054820143
4.321889002507131 15.364176556054183 11.880101212017891 26.186366537240296 6.755023960013759 11.305516596680508
5.295373934664146 16.01973061476186 13.657535919307874 18.21739220431529 6.316104876627991 11.949016947421944
6.36769757703062 16.542002736878228 25.447421075191883 16.411336651157974 5.927817990511711 6.239948155672314
7.47120038703625 16.982731070314408 23.48831752088334 14.480497064182 5.6985071755039005 7.809272505300166
8.607478230002856 17.317876060732754 21.7454234943222 12.781513111051936 5.6745160153763425 9.017613196410204
9.774747663912752 17.53077120118953 20.291147864637985 11.56146113606792 5.844235114366473 8.863631703111293
10.960757818154239 17.626587161722895 19.039575510975702 10.673935023971723 6.193091895472945 7.6331333457979245
12.154741912836577 17.61952191641288 17.892289373822933 10.032475900203318 6.662461761763604 5.649959630983573
13.34943394261903 17.53272806991977 16.756508111679526 9.597250844126242 21.370228190254156 3.1861565995911665
14.488589657869152 17.40401948765756 15.568683311021426 11.436141739184785 24.222154190474708 -17.015088967447454
15.676949181109373 17.50623400248939 14.506151524726537 12.724377531035655 24.590905902574455 -6.404165227377255
16.861565482391185 17.696255831586207 13.279172551255144 12.813791741851606 22.146955401313367 1.3583962506922767
18.047363604525266 17.87028402626586 12.146814337098105 13.719677315478634 21.11450802912411 -2.8119472713608875
19.227235978939916 18.08382186513995 11.00478314675123 12.915386827142102 19.806205427010227 -2.17230078531076
20.38500223113209 18.32540138510239 10.12497350153798 10.791295676475611 21.568337803011865 -9.830905802151669
21.47697696750287 18.685740507412046 9.76875588674252 8.86700813824598 31.924698836542802 -16.638059093990265
22.390717258658473 19.197504286142095 11.426276418412732 7.619596046757388 30.86034379591915 -28.96895421406597
23.076142427160445 19.96532507290756 18.717749529531073 7.523273977918219 12.702801315806129 -31.206371603298745
23.510280948655257 21.055713894007248 27.35929117110365 7.572297575220156 10.533387977489415 -12.032674057323712
23.794868196631256 22.221232737735377 24.80719755599317 7.183296922799175 11.324381782471061 1.1775157560891372
24.094654272365666 23.381634094075476 27.121687602929136 6.975677784933223 11.285174193460037 -2.604567148218753
24.35592343301351 24.552784994042817 26.034614794737422 6.6952674746317555 11.648197371288473 -0.497338540578398
24.609189170835204 25.724772065039556 24.702043183983957 6.507854343359714 11.639907927302676 -2.1352170183069226
24.830898223045367 26.90191577503543 23.347078614411103 6.418870791729191 11.37995291425108 -3.269038917505557
25.005259015588994 28.086210430641312 22.022785046581717 6.430083107994378 10.999026147560132 -3.9728118386685285
25.124118848450816 29.276452416189844 20.74571285452692 6.570191219372466 10.5220297614737 -4.46107304164587
25.17939799398793 30.471336452445723 19.52915183020773 6.834259693361613 10.036726685426215 -4.7188112438732635
25.17094664153124 31.66644985018215 18.37480948939685 7.298861877735383 9.486644808702447 -4.889946509582461
25.09083220199524 32.85992600017773 17.26491134363676 7.908716400951857 8.979089041181053 -4.743777661883364
24.94724735339943 34.047438962331896 16.19608249974238 8.740620485305879 8.459172740762813 -4.531376325196444
24.74044459745046 35.22650135991949 15.139304578323868 9.750746889378007 7.958226506386805 -4.020898482337414
24.478718486021485 36.39539898606605 14.078736212500077 10.92658151494254 7.467802529362551 -3.2921764127801527
0.0009555920528794104 1.1999996195181983 20.800006975501855 8.438500727838887 8.454520321837977 0
0.00191099299371956 2.399759247112388 19.602197346396334 8.328056010950078 8.570021054599232 0.8720859641045348
0.01886458067984165 3.5995794755901804 18.40093289436768 8.358374787098201 8.536415150619083 -0.6458147139769748
0.027815541719748465 4.7990061173860905 17.202345501142453 24.135153716790832 8.38220545449816 -1.847032325505309
0.012833890719547297 5.9940554924918885 16.023956690369875 23.911510991155883 8.892205366666053 5.375902643324756
0.06953365187658675 7.188872960189442 14.886573090162083 38.49452547881081 9.543576298812297 4.818139620935058
0.1870170112554507 8.351351114172315 14.098512390641977 34.503026388313735 12.100438750557299 13.424904920162708
0.48389278941715924 9.498222629800914 13.356615016240568 32.34126353827212 13.755678518685473 8.99767982572348
0.904185944467365 10.615810031243699 12.503286750147385 31.0247265374933 12.18091564126432 5.872456483755564
1.3962207722828555 11.699185548999859 11.821647885432307 29.662262994540992 10.709511461251719 7.409523681130826
1.978399776790452 12.733066528069012 11.326903272703385 28.42251596866303 9.414627383711286 8.667252818715689
2.6584846204870223 13.70067593508954 11.094491659694368 27.383119383242953 8.316528994875352 9.701139654785225
3.4419783094458007 14.583842596830051 11.17725751279648 26.613374028533144 7.427512966276316 10.556661054820143
4.321889002507131 15.364176556054183 11.880101212017891 26.186366537240296 6.755023960013759 11.305516596680508
5.295373934664146 16.01973061476186 13.657535919307874 18.21739220431529 6.316104876627991 11.949016947421944
6.36769757703062 16.542002736878228 25.447421075191883 16.411336651157974 5.927817990511711 6.239948155672314
7.47120038703625 16.982731070314408 23.48831752088334 14.480497064182 5.6985071755039005 7.809272505300166
8.607478230002856 17.317876060732754 21.7454234943222 12.781513111051936 5.6745160153763425 9.017613196410204
9.774747663912752 17.53077120118953 20.291147864637985 11.56146113606792 5.844235114366473 8.863631703111293
10.960757818154239 17.626587161722895 19.039575510975702 10.673935023971723 6.193091895472945 7.6331333457979245
12.154741912836577 17.61952191641288 17.892289373822933 10.032475900203318 6.662461761763604 5.649959630983573
13.34943394261903 17.53272806991977 16.756508111679526 9.597250844126242 21.370228190254156 3.1861565995911665
14.488589657869152 17.40401948765756 15.568683311021426 11.436141739184785 24.222154190474708 -17.015088967447454
15.676949181109373 17.50623400248939 14.506151524726537 12.724377531035655 24.590905902574455 -6.404165227377255
16.861565482391185 17.696255831586207 13.279172551255144 12.813791741851606 22.146955401313367 1.3583962506922767
18.047363604525266 17.87028402626586 12.146814337098105 13.719677315478634 21.11450802912411 -2.8119472713608875
19.227235978939916 18.08382186513995 11.00478314675123 12.915386827142102 19.806205427010227 -2.17230078531076
20.38500223113209 18.32540138510239 10.12497350153798 10.791295676475611 21.568337803011865 -9.830905802151669
21.47697696750287 18.685740507412046 9.76875588674252 8.86700813824598 31.924698836542802 -16.638059093990265
22.390717258658473 19.197504286142095 11.426276418412732 7.619596046757388 30.86034379591915 -28.96895421406597
23.076142427160445 19.96532507290756 18.717749529531073 7.523273977918219 12.702801315806129 -31.206371603298745
23.510280948655257 21.055713894007248 27.35929117110365 7.572297575220156 10.533387977489415 -12.032674057323712
23.794868196631256 22.221232737735377 24.80719755599317 7.183296922799175 11.324381782471061 1.1775157560891372
24.094654272365666 23.381634094075476 27.121687602929136 6.975677784933223 11.285174193460037 -2.604567148218753
24.35592343301351 24.552784994042817 26.034614794737422 6.6952674746317555 11.648197371288473 -0.497338540578398
24.609189170835204 25.724772065039556 24.702043183983957 6.507854343359714 11.639907927302676 -2.1352170183069226
24.830898223045367 26.90191577503543 23.347078614411103 6.418870791729191 11.37995291425108 -3.269038917505557
25.005259015588994 28.086210430641312 22.022785046581717 6.430083107994378 10.999026147560132 -3.9728118386685285
25.124118848450816 29.276452416189844 20.74571285452692 6.570191219372466 10.5220297614737 -4.46107304164587
25.17939799398793 30.471336452445723 19.52915183020773 6.834259693361613 10.036726685426215 -4.7188112438732635
25.17094664153124 31.66644985018215 18.37480948939685 7.298861877735383 9.486644808702447 -4.889946509582461
25.09083220199524 32.85992600017773 17.26491134363676 7.908716400951857 8.979089041181053 -4.743777661883364
24.94724735339943 34.047438962331896 16.19608249974238 8.740620485305879 8.459172740762813 -4.531376325196444
24.74044459745046 35.22650135991949 15.139304578323868 9.750746889378007 7.958226506386805 -4.020898482337414
24.478718486021485 36.39539898606605 14.078736212500077 10.92658151494254 7.467802529362551 -3.2921764127801527
0.0009555920528794104 1.1999996195181983 20.800006975501855 8.438500727838887 8.454520321837977 0
0.00191099299371956 2.399759247112388 19.602197346396334 8.328056010950078 8.570021054599232 0.8720859641045348
0.01886458067984165 3.5995794755901804 18.40093289436768 8.358374787098201 8.536415150619083 -0.6458147139769748
0.027815541719748465 4.7990061173860905 17.202345501142453 24.135153716790832 8.38220545449816 -1.847032325505309
0.012833890719547297 5.9940554924918885 16.023956690369875 23.911510991155883 8.892205366666053 5.375902643324756
0.06953365187658675 7.188872960189442 14.886573090162083 38.49452547881081 9.543576298812297 4.818139620935058
0.1870170112554507 8.351351114172315 14.098512390641977 34.503026388313735 12.100438750557299 13.424904920162708
0.48389278941715924 9.498222629800914 13.356615016240568 32.34126353827212 13.755678518685473 8.99767982572348
0.904185944467365 10.615810031243699 12.503286750147385 31.0247265374933 12.18091564126432 5.872456483755564
1.3962207722828555 11.699185548999859 11.821647885432307 29.662262994540992 10.709511461251719 7.409523681130826
1.978399776790452 12.733066528069012 11.326903272703385 28.42251596866303 9.414627383711286 8.667252818715689
2.6584846204870223 13.70067593508954 11.094491659694368 27.383119383242953 8.316528994875352 9.701139654785225
3.4419783094458007 14.583842596830051 11.17725751279648 26.613374028533144 7.427512966276316 10.556661054820143
4.321889002507131 15.364176556054183 11.880101212017891 26.186366537240296 6.755023960013759 11.305516596680508
5.295373934664146 16.01973061476186 13.657535919307874 18.21739220431529 6.316104876627991 11.949016947421944
6.36769757703062 16.542002736878228 25.447421075191883 16.411336651157974 5.927817990511711 6.239948155672314
7.47120038703625 16.982731070314408 23.48831752088334 14.480497064182 5.6985071755039005 7.809272505300166
8.607478230002856 17.317876060732754 21.7454234943222 12.781513111051936 5.6745160153763425 9.017613196410204
9.774747663912752 17.53077120118953 20.291147864637985 11.56146113606792 5.844235114366473 8.863631703111293
10.960757818154239 17.626587161722895 19.039575510975702 10.673935023971723 6.193091895472945 7.6331333457979245
12.154741912836577 17.61952191641288 17.892289373822933 10.032475900203318 6.662461761763604 5.649959630983573
13.34943394261903 17.53272806991977 16.756508111679526 9.597250844126242 21.370228190254156 3.1861565995911665
14.488589657869152 17.40401948765756 15.568683311021426 11.436141739184785 24.222154190474708 -17.015088967447454
15.676949181109373 17.50623400248939 14.506151524726537 12.724377531035655 24.590905902574455 -6.404165227377255
16.861565482391185 17.696255831586207 13.279172551255144 12.813791741851606 22.146955401313367 1.3583962506922767
18.047363604525266 17.87028402626586 12.146814337098105 13.719677315478634 21.11450802912411 -2.8119472713608875
19.227235978939916 18.08382186513995 11.00478314675123 12.915386827142102 19.806205427010227 -2.17230078531076
20.38500223113209 18.32540138510239 10.12497350153798 10.791295676475611 21.568337803011865 -9.830905802151669
21.47697696750287 18.685740507412046 9.76875588674252 8.86700813824598 31.924698836542802 -16.638059093990265
22.390717258658473 19.197504286142095 11.426276418412732 7.619596046757388 30.86034379591915 -28.96895421406597
23.076142427160445 19.96532507290756 18.717749529531073 7.523273977918219 12.702801315806129 -31.206371603298745
23.510280948655257 21.055713894007248 27.35929117110365 7.572297575220156 10.533387977489415 -12.032674057323712
23.794868196631256 22.221232737735377 24.80719755599317 7.183296922799175 11.324381782471061 1.1775157560891372
24.094654272365666 23.381634094075476 27.121687602929136 6.975677784933223 11.285174193460037 -2.604567148218753
24.35592343301351 24.552784994042817 26.034614794737422 6.6952674746317555 11.648197371288473 -0.497338540578398
24.609189170835204 25.724772065039556 24.702043183983957 6.507854343359714 11.639907927302676 -2.1352170183069226
24.830898223045367 26.90191577503543 23.347078614411103 6.418870791729191 11.37995291425108 -3.269038917505557
25.005259015588994 28.086210430641312 22.022785046581717 6.430083107994378 10.999026147560132 -3.9728118386685285
25.124118848450816 29.276452416189844 20.74571285452692 6.570191219372466 10.5220297614737 -4.46107304164587
25.17939799398793 30.471336452445723 19.52915183020773 6.834259693361613 10.036726685426215 -4.7188112438732635
25.17094664153124 31.66644985018215 18.37480948939685 7.298861877735383 9.486644808702447 -4.889946509582461
25.09083220199524 32.85992600017773 17.26491134363676 7.908716400951857 8.979089041181053 -4.743777661883364
24.94724735339943 34.047438962331896 16.19608249974238 8.740620485305879 8.459172740762813 -4.531376325196444
24.74044459745046 35.22650135991949 15.139304578323868 9.750746889378007 7.958226506386805 -4.020898482337414
24.478718486021485 36.39539898606605 14.078736212500077 10.92658151494254 7.467802529362551 -3.2921764127801527
0.0009555920528794104 1.1999996195181983 20.800006975501855 8.438500727838887 8.454520321837977 0
0.00191099299371956 2.399759247112388 19.602197346396334 8.328056010950078 8.570021054599232 0.8720859641045348
0.01886458067984165 3.5995794755901804 18.40093289436768 8.358374787098201 8.536415150619083 -0.6458147139769748
0.027815541719748465 4.7990061173860905 17.202345501142453 24.135153716790832 8.38220545449816 -1.847032325505309
0.012833890719547297 5.9940554924918885 16.023956690369875 23.911510991155883 8.892205366666053 5.375902643324756
0.06953365187658675 7.188872960189442 14.886573090162083 38.49452547881081 9.543576298812297 4.818139620935058
0.1870170112554507 8.351351114172315 14.098512390641977 34.503026388313735 12.100438750557299 13.424904920162708
0.48389278941715924 9.498222629800914 13.356615016240568 32.34126353827212 13.755678518685473 8.99767982572348
0.904185944467365 10.615810031243699 12.503286750147385 31.0247265374933 12.18091564126432 5.872456483755564
1.3962207722828555 11.699185548999859 11.821647885432307 29.662262994540992 10.709511461251719 7.409523681130826
1.978399776790452 12.733066528069012 11.326903272703385 28.42251596866303 9.414627383711286 8.667252818715689
2.6584846204870223 13.70067593508954 11.094491659694368 27.383119383242953 8.316528994875352 9.701139654785225
3.4419783094458007 14.583842596830051 11.17725751279648 26.613374028533144 7.427512966276316 10.556661054820143
4.321889002507131 15.364176556054183 11.880101212017891 26.186366537240296 6.755023960013759 11.305516596680508
5.295373934664146 16.01973061476186 13.657535919307874 18.21739220431529 6.316104876627991 11.949016947421944
6.36769757703062 16.542002736878228 25.447421075191883 16.411336651157974 5.927817990511711 6.239948155672314
7.47120038703625 16.982731070314408 23.48831752088334 14.480497064182 5.6985071755039005 7.809272505300166
8.607478230002856 17.317876060732754 21.7454234943222 12.781513111051936 5.6745160153763425 9.017613196410204
9.774747663912752 17.53077120118953 20.291147864637985 11.56146113606792 5.844235114366473 8.863631703111293
10.960757818154239 17.626587161722895 19.039575510975702 10.673935023971723 6.193091895472945 7.6331333457979245
12.154741912836577 17.61952191641288 17.892289373822933 10.032475900203318 6.662461761763604 5.649959630983573
13.34943394261903 17.53272806991977 16.756508111679526 9.597250844126242 21.370228190254156 3.1861565995911665
14.488589657869152 17.40401948765756 15.568683311021426 11.436141739184785 24.222154190474708 -17.015088967447454
15.676949181109373 17.50623400248939 14.506151524726537 12.724377531035655 24.590905902574455 -6.404165227377255
16.861565482391185 17.696255831586207 13.279172551255144 12.813791741851606 22.146955401313367 1.3583962506922767
18.047363604525266 17.87028402626586 12.146814337098105 13.719677315478634 21.11450802912411 -2.8119472713608875
19.227235978939916 18.08382186513995 11.00478314675123 12.915386827142102 19.806205427010227 -2.17230078531076
20.38500223113209 18.32540138510239 10.12497350153798 10.791295676475611 21.568337803011865 -9.830905802151669
21.47697696750287 18.685740507412046 9.76875588674252 8.86700813824598 31.924698836542802 -16.638059093990265
22.390717258658473 19.197504286142095 11.426276418412732 7.619596046757388 30.86034379591915 -28.96895421406597
23.076142427160445 19.96532507290756 18.717749529531073 7.523273977918219 12.702801315806129 -31.206371603298745
23.510280948655257 21.055713894007248 27.35929117110365 7.572297575220156 10.533387977489415 -12.032674057323712
23.794868196631256 22.221232737735377 24.80719755599317 7.183296922799175 11.324381782471061 1.1775157560891372
24.094654272365666 23.381634094075476 27.121687602929136 6.975677784933223 11.285174193460037 -2.604567148218753
24.35592343301351 24.552784994042817 26.034614794737422 6.6952674746317555 11.648197371288473 -0.497338540578398
24.609189170835204 25.724772065039556 24.702043183983957 6.507854343359714 11.639907927302676 -2.1352170183069226
24.830898223045367 26.90191577503543 23.347078614411103 6.418870791729191 11.37995291425108 -3.269038917505557
25.005259015588994 28.086210430641312 22.022785046581717 6.430083107994378 10.999026147560132 -3.9728118386685285
25.124118848450816 29.276452416189844 20.74571285452692 6.570191219372466 10.5220297614737 -4.46107304164587
25.17939799398793 30.471336452445723 19.52915183020773 6.834259693361613 10.036726685426215 -4.7188112438732635
25.17094664153124 31.66644985018215 18.37480948939685 7.298861877735383 9.486644808702447 -4.889946509582461
25.09083220199524 32.85992600017773 17.26491134363676 7.908716400951857 8.979089041181053 -4.743777661883364
24.94724735339943 34.047438962331896 16.19608249974238 8.740620485305879 8.459172740762813 -4.531376325196444
24.74044459745046 35.22650135991949 15.139304578323868 9.750746889378007 7.958226506386805 -4.020898482337414
24.478718486021485 36.39539898606605 14.078736212500077 10.92658151494254 7.467802529362551 -3.2921764127801527
0.0009555920528794104 1.1999996195181983 20.800006975501855 8.438500727838887 8.454520321837977 0
0.00191099299371956 2.399759247112388 19.602197346396334 8.328056010950078 8.570021054599232 0.8720859641045348
0.01886458067984165 3.5995794755901804 18.40093289436768 8.358374787098201 8.536415150619083 -0.6458147139769748
0.027815541719748465 4.7990061173860905 17.202345501142453 24.135153716790832 8.38220545449816 -1.847032325505309
0.012833890719547297 5.9940554924918885 16.023956690369875 23.911510991155883 8.892205366666053 5.375902643324756
0.06953365187658675 7.188872960189442 14.886573090162083 38.49452547881081 9.543576298812297 4.818139620935058
0.1870170112554507 8.351351114172315 14.098512390641977 34.503026388313735 12.100438750557299 13.424904920162708
0.48389278941715924 9.498222629800914 13.356615016240568 32.34126353827212 13.755678518685473 8.99767982572348
0.904185944467365 10.615810031243699 12.503286750147385 31.0247265374933 12.18091564126432 5.872456483755564
1.3962207722828555 11.699185548999859 11.821647885432307 29.662262994540992 10.709511461251719 7.409523681130826
1.978399776790452 12.733066528069012 11.326903272703385 28.42251596866303 9.414627383711286 8.667252818715689
2.6584846204870223 13.70067593508954 11.094491659694368 27.383119383242953 8.316528994875352 9.701139654785225
3.4419783094458007 14.583842596830051 11.17725751279648 26.613374028533144 7.427512966276316 10.556661054820143
4.321889002507131 15.364176556054183 11.880101212017891 26.186366537240296 6.755023960013759 11.305516596680508
5.295373934664146 16.01973061476186 13.657535919307874 18.21739220431529 6.316104876627991 11.949016947421944
6.36769757703062 16.542002736878228 25.447421075191883 16.411336651157974 5.927817990511711 6.239948155672314
7.47120038703625 16.982731070314408 23.48831752088334 14.480497064182 5.6985071755039005 7.809272505300166
8.607478230002856 17.317876060732754 21.7454234943222 12.781513111051936 5.6745160153763425 9.017613196410204
9.774747663912752 17.53077120118953 20.291147864637985 11.56146113606792 5.844235114366473 8.863631703111293
10.960757818154239 17.626587161722895 19.039575510975702 10.673935023971723 6.193091895472945 7.6331333457979245
12.154741912836577 17.61952191641288 17.892289373822933 10.032475900203318 6.662461761763604 5.649959630983573
13.34943394261903 17.53272806991977 16.756508111679526 9.597250844126242 21.370228190254156 3.1861565995911665
14.488589657869152 17.40401948765756 15.568683311021426 11.436141739184785 24.222154190474708 -17.015088967447454
15.676949181109373 17.50623400248939 14.506151524726537 12.724377531035655 24.590905902574455 -6.404165227377255
16.861565482391185 17.696255831586207 13.279172551255144 12.813791741851606 22.146955401313367 1.3583962506922767
18.047363604525266 17.87028402626586 12.146814337098105 13.719677315478634 21.11450802912411 -2.8119472713608875
19.227235978939916 18.08382186513995 11.00478314675123 12.915386827142102 19.806205427010227 -2.17230078531076
20.38500223113209 18.32540138510239 10.12497350153798 10.791295676475611 21.568337803011865 -9.830905802151669
21.47697696750287 18.685740507412046 9.76875588674252 8.86700813824598 31.924698836542802 -16.638059093990265
22.390717258658473 19.197504286142095 11.426276418412732 7.619596046757388 30.86034379591915 -28.96895421406597
23.076142427160445 19.96532507290756 18.717749529531073 7.523273977918219 12.702801315806129 -31.206371603298745
23.510280948655257 21.055713894007248 27.35929117110365 7.572297575220156 10.533387977489415 -12.032674057323712
23.794868196631256 22.221232737735377 24.80719755599317 7.183296922799175 11.324381782471061 1.1775157560891372
24.094654272365666 23.381634094075476 27.121687602929136 6.975677784933223 11.285174193460037 -2.604567148218753
24.35592343301351 24.552784994042817 26.034614794737422 6.6952674746317555 11.648197371288473 -0.497338540578398
24.609189170835204 25.724772065039556 24.702043183983957 6.507854343359714 11.639907927302676 -2.1352170183069226
24.830898223045367 26.90191577503543 23.347078614411103 6.418870791729191 11.37995291425108 -3.269038917505557
25.005259015588994 28.086210430641312 22.022785046581717 6.430083107994378 10.999026147560132 -3.9728118386685285
25.124118848450816 29.276452416189844 20.74571285452692 6.570191219372466 10.5220297614737 -4.46107304164587
25.17939799398793 30.471336452445723 19.52915183020773 6.834259693361613 10.036726685426215 -4.7188112438732635
25.17094664153124 31.66644985018215 18.37480948939685 7.298861877735383 9.486644808702447 -4.889946509582461
25.09083220199524 32.85992600017773 17.26491134363676 7.908716400951857 8.979089041181053 -4.743777661883364
24.94724735339943 34.047438962331896 16.19608249974238 8.740620485305879 8.459172740762813 -4.531376325196444
24.74044459745046 35.22650135991949 15.139304578323868 9.750746889378007 7.958226506386805 -4.020898482337414
24.478718486021485 36.39539898606605 14.078736212500077 10.92658151494254 7.467802529362551 -3.2921764127801527
0.0009555920528794104 1.1999996195181983 20.800006975501855 8.438500727838887 8.454520321837977 0
0.00191099299371956 2.399759247112388 19.602197346396334 8.328056010950078 8.570021054599232 0.8720859641045348
0.01886458067984165 3.5995794755901804 18.40093289436768 8.358374787098201 8.536415150619083 -0.6458147139769748
0.027815541719748465 4.7990061173860905 17.202345501142453 24.135153716790832 8.38220545449816 -1.847032325505309
0.012833890719547297 5.9940554924918885 16.023956690369875 23.911510991155883 8.892205366666053 5.375902643324756
0.06953365187658675 7.188872960189442 14.886573090162083 38.49452547881081 9.543576298812297 4.818139620935058
0.1870170112554507 8.351351114172315 14.098512390641977 34.503026388313735 12.100438750557299 13.424904920162708
0.48389278941715924 9.498222629800914 13.356615016240568 32.34126353827212 13.755678518685473 8.99767982572348
0.904185944467365 10.615810031243699 12.503286750147385 31.0247265374933 12.18091564126432 5.872456483755564
1.3962207722828555 11.699185548999859 11.821647885432307 29.662262994540992 10.709511461251719 7.409523681130826
1.978399776790452 12.733066528069012 11.326903272703385 28.42251596866303 9.414627383711286 8.667252818715689
2.6584846204870223 13.70067593508954 11.094491659694368 27.383119383242953 8.316528994875352 9.701139654785225
3.4419783094458007 14.583842596830051 11.17725751279648 26.613374028533144 7.427512966276316 10.556661054820143
4.321889002507131 15.364176556054183 11.880101212017891 26.186366537240296 6.755023960013759 11.305516596680508
5.295373934664146 16.01973061476186 13.657535919307874 18.21739220431529 6.316104876627991 11.949016947421944
6.36769757703062 16.542002736878228 25.447421075191883 16.411336651157974 5.927817990511711 6.239948155672314
7.47120038703625 16.982731070314408 23.48831752088334 14.480497064182 5.6985071755039005 7.809272505300166
8.607478230002856 17.317876060732754 21.7454234943222 12.781513111051936 5.6745160153763425 9.017613196410204
9.774747663912752 17.53077120118953 20.291147864637985 11.56146113606792 5.844235114366473 8.863631703111293
10.960757818154239 17.626587161722895 19.039575510975702 10.673935023971723 6.193091895472945 7.6331333457979245
12.154741912836577 17.61952191641288 17.892289373822933 10.032475900203318 6.662461761763604 5.649959630983573
13.34943394261903 17.53272806991977 16.756508111679526 9.597250844126242 21.370228190254156 3.1861565995911665
14.488589657869152 17.40401948765756 15.568683311021426 11.436141739184785 24.222154190474708 -17.015088967447454
15.676949181109373 17.50623400248939 14.506151524726537 12.724377531035655 24.590905902574455 -6.404165227377255
16.861565482391185 17.696255831586207 13.279172551255144 12.813791741851606 22.146955401313367 1.3583962506922767
18.047363604525266 17.87028402626586 12.146814337098105 13.719677315478634 21.11450802912411 -2.8119472713608875
19.227235978939916 18.08382186513995 11.00478314675123 12.915386827142102 19.806205427010227 -2.17230078531076
20.38500223113209 18.32540138510239 10.12497350153798 10.791295676475611 21.568337803011865 -9.830905802151669
21.47697696750287 18.685740507412046 9.76875588674252 8.86700813824598 31.924698836542802 -16.638059093990265
22.390717258658473 19.197504286142095 11.426276418412732 7.619596046757388 30.86034379591915 -28.96895421406597
23.076142427160445 19.96532507290756 18.717749529531073 7.523273977918219 12.702801315806129 -31.206371603298745
23.510280948655257 21.055713894007248 27.35929117110365 7.572297575220156 10.533387977489415 -12.032674057323712
23.794868196631256 22.221232737735377 24.80719755599317 7.183296922799175 11.324381782471061 1.1775157560891372
24.094654272365666 23.381634094075476 27.121687602929136 6.975677784933223 11.285174193460037 -2.604567148218753
24.35592343301351 24.552784994042817 26.034614794737422 6.6952674746317555 11.648197371288473 -0.497338540578398
24.609189170835204 25.724772065039556 24.702043183983957 6.507854343359714 11.639907927302676 -2.1352170183069226
24.830898223045367 26.90191577503543 23.347078614411103 6.418870791729191 11.37995291425108 -3.269038917505557
25.005259015588994 28.086210430641312 22.022785046581717 6.430083107994378 10.999026147560132 -3.9728118386685285
25.124118848450816 29.276452416189844 20.74571285452692 6.570191219372466 10.5220297614737 -4.46107304164587
25.17939799398793 30.471336452445723 19.52915183020773 6.834259693361613 10.036726685426215 -4.7188112438732635
25.17094664153124 31.66644985018215 18.37480948939685 7.298861877735383 9.486644808702447 -4.889946509582461
25.09083220199524 32.85992600017773 17.26491134363676 7.908716400951857 8.979089041181053 -4.743777661883364
24.94724735339943 34.047438962331896 16.19608249974238 8.740620485305879 8.459172740762813 -4.531376325196444
24.74044459745046 35.22650135991949 15.139304578323868 9.750746889378007 7.958226506386805 -4.020898482337414
24.478718486021485 36.39539898606605 14.078736212500077 10.92658151494254 7.467802529362551 -3.2921764127801527
0.0009555920528794104 1.1999996195181983 20.800006975501855 8.438500727838887 8.454520321837977 0
0.0019107541215851141 2.3994592797063885 19.604154802272298 8.60918787050088 8.292947584978194 -1.4514568925264237
-0.02113023745922362 3.599238056276042 18.404154802272295 8.64225910654128 8.261111434239972 0.172209072483688
-0.04416086137143054 4.798476972887556 17.20152848116952 24.45901665467422 8.390957449813024 1.8647608455818965
-0.04320698886828722 5.9963172410126635 16.01700106713437 23.733851176696596 8.746283154319155 3.635235015932311
0.005521012637821627 7.190466746173833 14.884996851481576 38.57632190573765 9.443119976476885 5.042293309367612
0.12484705454026539 8.370976622411355 13.907714992745152 35.722323593244596 11.017468181650191 8.363098253966541
0.36081923926704235 9.531910138619164 13.079393775246793 33.30933731517705 13.6942105004463 9.037346654122668
0.7198455048155097 10.664632547786596 12.307406124857268 31.53802267776575 12.255126308568352 8.307534456101582
1.1788522402230874 11.749967221730795 11.854566953512029 29.78000905792281 10.616908517916995 10.766338673780087
1.7658298651874655 12.760222172725618 11.872509108734251 28.3813174219194 9.297073519728173 12.928847529978412
2.4959497304711222 13.665089249637605 12.55222167726232 27.560156068018177 8.347357162994562 14.184894786610498
3.365315207214198 14.437140486543777 14.226616823876478 19.503683690434258 7.750181078703808 14.397173315404519
4.371765966477009 15.068818240436585 28.706201050058766 15.984648199268985 7.286250753848672 8.206371442375058
5.409793154746997 15.592611139370284 25.75286648915143 11.919814512450246 7.220568607792854 14.283004648753142
6.361904789410217 15.888836237366869 23.71084398553367 7.7153029334162575 9.357442339885505 34.020235187798
7.41745564868707 15.80595911657004 14.998210300824534 6.260231876791186 24.441202579316368 28.314489741806806
8.521186159587677 15.342564601518143 15.544449389304527 5.877486115983078 23.730524973806844 -4.142187186319141
9.644479183392678 14.931448527031296 16.820724460149037 5.569172920171939 23.100395662246942 -4.39836672591625
10.787105716056917 14.581060077365583 19.46371724259211 5.351346715290557 22.569841519832806 -4.949628695546422
11.947567856890675 14.300034178670774 18.31958519640075 5.245492254024928 22.16511880715555 -5.930206523172231
13.122921435209797 14.09708066317898 16.958010473817072 5.282155586611948 21.923871708148422 -6.070859954092211
14.309976379967706 13.980690278508108 15.694728487762037 5.47269344031791 21.760675821296225 -6.183051988824252
15.502366143170764 13.951487262797503 14.514888647618776 5.852324750843035 21.690636388625503 -6.310242573433633
16.693695564520713 14.009628240980067 13.405973748953869 6.473357609760284 21.73689183712783 -6.474468430624071
17.876208453377473 14.154633791153504 12.375186571700059 7.4888782668929865 22.160385492052175 -6.7023474008747534
19.043376790795957 14.393550960945104 11.406544188337318 9.029011060592202 22.89580854623479 -7.138013076381313
20.18476616031121 14.723990399785768 10.54811381355265 10.725831359443864 24.862395917042317 -7.773850924224124
21.28712817238611 15.15786537642481 9.829973453014407 9.14494175483131 29.538744767268607 -9.173764506738376
22.327390351424526 15.70126084556962 9.432627368025532 7.783759598228592 34.7424587175391 -12.308793315921116
23.268121402059176 16.373998046082406 9.658197848459162 6.732187169422509 33.63193142690334 -15.299737267712205
24.07642375160437 17.20554907944574 10.506445611656492 6.022846615577811 32.00542328359552 -15.108940331653633
24.730249214497064 18.1633288419387 12.731578360461217 5.618211701978392 18.941547863665033 -14.745398199968767
25.22136605959943 19.243442963977266 14.879205504489416 5.3168589685665415 16.166989637478103 -8.612543584546913
25.602989642907144 20.368753301727317 18.979736025164986 5.148200527193673 14.400446548690505 -7.9441371053463605
25.87827208004956 21.524685607437597 28.75922558076412 5.139337543472997 13.028712910337308 -8.022839899763731
26.044825804348335 22.70121430343526 27.329566669051736 5.323613031415363 11.897863267098725 -7.770767582340961
26.10128290197676 23.889748434364712 26.13018726312712 5.713890854468545 10.987770203860634 -7.227898683838755
26.054753936581623 25.080209856365745 25.097155938996682 6.344855352939532 10.210576073015506 -6.660762442123268
25.91320146383243 26.264527829283757 10000 7.26131606893794 9.514194581118975 -6.046740438053073
25.684151541754996 27.441487200602158 10000 7.98371379166067 9.080439389788932 -2.19078241
25.423805816276566 28.611921877020706 10000 8.835017557909943 8.630976440069015 -2.19078241
25.13234935630723 29.774999845378815 10000 9.834190669979131 8.165931499014825 -2.19078241
24.809989346079757 30.92989432209261 10000 11.004376311676006 7.685358891372719 -2.19078241
24.456954937870947 32.07578434088086 10000 12.374094831717128 7.189246426129144 -2.19078241
24.07349708910687 33.21185533635567 17.60689907297331 13.97887870263308 6.677519344336802 -2.19078241
23.659557276268632 34.33820067920014 16.406899072973303 14.955241073639543 6.222412333159336 0.16111253540776627
23.2457002486334 35.464320760484924 15.412059524894897 15.491566409898676 5.803266448279533 1.072118146848343
22.846993649179417 36.59557556657645 14.115934844076099 15.043423892536909 5.414494422055927 1.6990835365131849
